468114
1
6
76969
82
7958
9935
533
863
28
49
3
6572
3
327
67
2
4
1
1
3917
96
846
511
765
41
6
15
8
678
47
77
9
29
6
6
6
877
16
99
8
1241
72
52
4757
2634
1
2
41954
3
445
1
898
54
466
8
63
6
7564
24
8745945
365
77
744116
11
725
5
2
158
14
8
19
85
873
84
6459
8
48
1
2
1
3
4
74
7
1
921
8423
383
97141
1974
3
66
883
649
335
6
43
616
7
228
298
1579416
56
6653
265
5
1
896
13
8
57
6
86
73
8
5
9
3
5652
866
16
4
62
31
798
28
8
2
1
3
55
79
46
8
8
36
221
2
6
9
591
111
4
78
67645
2931
1
61
8
4
8
1
4224
778
22
8
81
1
6559
299
449
744
847
754
8
6
31945
8929
92
7
28
34
65
438
31
4643
8
752
517
933
8
79
932
745
99
11
5423
953
4781
8
74
94
2
99
2
3947
471
3
8
11
839
5263
541
4965
76
7315
1
517
72
3
94
68
29
14
6
16
57
95
8995
168
42982
859
5
99
43
99
8
8774
74
43
421
456
85
633
5
22
1
92
4
3
633
95
1417
48
846
4
6588
479
527
25
19
8878
61
42
71
2
439
32
87
243
995
2
164
1918
95
925
3
6
973
1
41943
61
73
82
86
7
3
22
7
85
848
599
7
21
72
6355
8
4
4
27
35
643
35
9245
57
923
1
3
34
7
23
1
8
38
397
931
75
8
2
751
561
47
58
86
7
486
312
8
37
536
7
5569
65
2237
126
22935
669
5
411
66
9454
1
6
947
33
548
483
446
221
75
6
3925
243
5
894
53
3163
6516
3
9
718
3
47
4162
2
186
7745
9
6
67355
4
61
913843
2928
7882
1195
85847
557
977
54332
95
334
6
135
923
2
3
319
72
6
3
9
12473
38
39
42
25
913
19
277
21779
1
1419
4646
26
111
4
123
675
41
3
857
28
57
3
44
85
9152
1
6
69
75
357
4
8
25
32
91
54
2
619
14
32
432
2
31452
9
2
1655
59
978
49
4633
858
7
8135
4768
6
8
69
1851
627
35
89
8
3
543
66
88
27
7
29
17
2
6
2
1
5
5
6
1
2
27
7
61
39658
342
754
43
29
14
4568
958
674
832
181
62
4
63
31
5126
4829
197
696
3458
7699
3
4
6
5
43
7378
133
1
96
24
825
136
87
115
5
21
53
39
1
4
18
25
9944
3951
94
13
166
72
3
2
3988
446
3471
35
8
89
67
7
327
8
1482
1
44
9
23
99
61332
6
31
7
52
86
8
5
4
1
6
812
21
7
14
7
59
4
97
773
7
1
696
281
2633833
3
62
89
2
5
4927
2
64
5138
14653
237
9115
25
25
5
7893
398
5
78
5777
648
17
83
84
62
94
54
385
1
7
459
52
9
6
4
3328
13
1314
9
3662
6479
58
22
77
9
271
7
762
4
7
49
23
67
377
8
16113
68
388
2199
4156
8962
742
6
276
512
2
233
1
9
88
95
56
9568
4
1
222
1
62
89
355
27972
917
82
386
3
15
87
3
41
3
787
45
8753
6
49346
9
8
637
8
758
2
8
867
5
12
271
5
99894
889
16
15416
84271
8
7
3
4
569
4781
58
41
5
3427
8495
4
8
2
5
5
2
8
88
88
2926
4611
6
3
3
723
3
1
99
2
8
916
9
8
1728
1822
28
94
6
5
39
674
66
235257
72
39
4
58
8
4
2
47
3
31
425
666
17
1
5
2
5576
41
34
9
12
458
43
3
553
256
45
75174
6
8
7252
48
9
18
6718
951
9834
66
7
8
9
2
23
28
7
83
17
7
9
5
1
59
7
1
4175
76
25
3
5
8914
5
64317
3
4
5
1822
22
1
4
39
27
5513
38
192
744
8778662
1832
2321
37
57
22
35
332
19778
53
72782
2
66
423
1
227
26
2
66
9
238
68
3
964537
31
4838
97
25
49
2
365
7863
336
4
948
8
853
657
9535
1573
89
174
6
91
569
66
929
577
391
618
5
3
2581
13848
79
286
78
515
5
6
42
9
7133
1
1
99
7
82
4268
4
93976
9
7274
15
2
3
7
57
2
3
494
3
6
351
23
344
3
5
9227
2
8476
86
525
115
34
62
2
792
2574
9
6214
613
12
6
46
888
29
998
4
1
9
356
699
48
17
32877
1
4
8
154
7
3
8
6
928
42
3
73
4
1
5
6
323
46
324
7
115
45
1
252
4183
2243
39
2579
48
11
4125
59
861
986
7
5958
2
9
28
389
8
7
56
242288
5
21
98
8
53
15
3
468
2
6974
52
81
26
6725
5
4
457
9
4
9
5
3143
568
6
19
265
88
5
7
3
748
4
5555
94
77
1
94
229
84965
35
4
51
4
49
2
943
98
78
63
6
33
