44
11
66
79
82
78
95
53
83
28
49
33
62
33
37
67
22
44
11
11
37
96
86
51
75
41
66
15
88
68
47
77
99
29
66
66
66
87
16
99
88
11
72
52
47
24
11
22
44
33
45
11
88
54
46
88
63
66
74
24
85
35
77
76
11
75
55
22
18
14
88
19
85
83
84
69
88
48
11
22
11
33
44
74
77
11
91
83
33
91
14
33
66
83
69
35
66
43
66
77
28
28
16
56
63
25
55
11
86
13
88
57
66
86
73
88
55
99
33
52
86
16
44
62
31
78
28
88
22
11
33
55
79
46
88
88
36
21
22
66
99
51
11
44
78
65
21
11
61
88
44
88
11
44
78
22
88
81
11
69
29
49
74
87
74
88
66
35
89
92
77
28
34
65
48
31
43
88
72
57
93
88
79
92
75
99
11
53
93
41
88
74
94
22
99
22
37
41
33
88
11
89
53
51
45
76
75
11
57
72
33
94
68
29
14
66
16
57
95
85
18
42
89
55
99
43
99
88
84
74
43
41
46
85
63
55
22
11
92
44
33
63
95
17
48
86
44
68
49
57
25
19
88
61
42
71
22
49
32
87
23
95
22
14
18
95
95
33
66
93
11
43
61
73
82
86
77
33
22
77
85
88
59
77
21
72
65
88
44
44
27
35
63
35
95
57
93
11
33
34
77
23
11
88
38
37
91
75
88
22
71
51
47
58
86
77
46
32
88
37
56
77
59
65
27
16
25
69
55
41
66
94
11
66
97
33
58
43
46
21
75
66
35
23
55
84
53
33
66
33
99
78
33
47
42
22
16
75
99
66
65
44
61
93
28
72
15
87
57
97
52
95
34
66
15
93
22
33
39
72
66
33
99
13
38
39
42
25
93
19
27
29
11
19
46
26
11
44
13
65
41
33
87
28
57
33
44
85
92
11
66
69
75
37
44
88
25
32
91
54
22
69
14
32
42
22
32
99
22
15
59
98
49
43
88
77
85
48
66
88
69
11
67
35
89
88
33
53
66
88
27
77
29
17
22
66
22
11
55
55
66
11
22
27
77
61
38
32
74
43
29
14
48
98
64
82
11
62
44
63
31
56
49
17
66
38
79
33
44
66
55
43
78
13
11
96
24
85
16
87
15
55
21
53
39
11
44
18
25
94
31
94
13
16
72
33
22
38
46
31
35
88
89
67
77
37
88
12
11
44
99
23
99
62
66
31
77
52
86
88
55
44
11
66
82
21
77
14
77
59
44
97
73
77
11
66
21
23
33
62
89
22
55
47
22
64
58
13
27
95
25
25
55
73
38
55
78
57
68
17
83
84
62
94
54
35
11
77
49
52
99
66
44
38
13
14
99
32
69
58
22
77
99
21
77
72
44
77
49
23
67
37
88
13
68
38
29
46
82
72
66
26
52
22
23
11
99
88
95
56
98
44
11
22
11
62
89
35
22
97
82
36
33
15
87
33
41
33
77
45
83
66
46
99
88
67
88
78
22
88
87
55
12
21
55
94
89
16
16
81
88
77
33
44
59
41
58
41
55
37
85
44
88
22
55
55
22
88
88
88
26
41
66
33
33
73
33
11
99
22
88
96
99
88
18
12
28
94
66
55
39
64
66
27
72
39
44
58
88
44
22
47
33
31
45
66
17
11
55
22
56
41
34
99
12
48
43
33
53
26
45
74
66
88
72
48
99
18
68
91
94
66
77
88
99
22
23
28
77
83
17
77
99
55
11
59
77
11
45
76
25
33
55
84
55
67
33
44
55
12
22
11
44
39
27
53
38
12
74
82
12
21
37
57
22
35
32
18
53
72
22
66
43
11
27
26
22
66
99
28
68
33
97
31
48
97
25
49
22
35
73
36
44
98
88
83
67
95
13
89
14
66
91
59
66
99
57
31
68
55
33
21
18
79
26
78
55
55
66
42
99
73
11
11
99
77
82
48
44
96
99
74
15
22
33
77
57
22
33
44
33
66
31
23
34
33
55
97
22
86
86
55
15
34
62
22
72
24
99
64
63
12
66
46
88
29
98
44
11
99
36
69
48
17
37
11
44
88
14
77
33
88
66
98
42
33
73
44
11
55
66
33
46
34
77
15
45
11
22
43
23
39
29
48
11
45
59
81
96
77
58
22
99
28
39
88
77
56
28
55
21
98
88
53
15
33
48
22
64
52
81
26
65
55
44
47
99
44
99
55
33
58
66
19
25
88
55
77
33
78
44
55
94
77
11
94
29
85
35
44
51
44
49
22
93
98
78
63
66
33
