44
31
66
79
32
88
95
33
41
71
49
33
62
37
37
62
22
48
81
23
37
93
86
51
85
47
96
16
85
62
41
17
89
92
64
66
46
87
19
89
88
11
92
52
87
26
21
22
74
59
95
21
68
54
75
94
65
62
72
24
85
55
77
76
11
75
25
82
18
24
82
79
46
81
35
69
28
67
13
26
94
33
71
94
73
19
91
83
33
91
14
32
66
73
19
35
56
49
66
54
23
98
16
56
63
55
57
11
86
16
58
67
36
86
93
82
58
99
33
52
46
16
44
62
16
28
28
81
24
55
23
55
19
37
88
43
31
21
22
86
89
52
99
34
76
65
21
17
64
18
34
88
91
21
38
82
81
71
91
69
29
47
74
83
74
88
73
35
89
82
47
48
38
69
46
87
42
22
72
57
13
28
71
98
75
14
11
53
93
41
85
74
94
54
99
29
32
41
34
48
51
88
52
51
45
36
75
61
57
62
33
91
67
29
14
84
86
57
95
85
18
62
89
55
91
64
99
88
84
24
21
47
46
45
67
84
22
11
92
44
33
51
93
17
86
86
44
68
29
57
23
19
58
64
43
71
28
49
32
97
23
91
22
21
18
95
34
13
66
13
11
43
91
73
82
85
18
43
22
67
65
88
92
77
21
22
65
83
24
18
23
35
64
68
65
57
93
91
33
34
72
23
16
78
28
37
97
75
84
22
71
62
67
38
86
13
96
82
87
31
56
79
29
35
27
16
25
69
54
27
56
24
21
66
97
67
18
43
16
21
85
36
36
13
58
57
54
33
66
33
91
76
33
87
52
24
14
25
29
62
65
41
61
93
28
72
19
87
57
95
72
95
84
13
15
97
28
49
35
22
27
33
99
13
79
68
27
75
86
19
27
23
11
39
89
25
11
49
93
62
41
97
87
28
57
31
11
85
92
11
56
69
35
37
17
98
15
92
92
94
25
69
74
37
42
89
32
99
23
45
51
18
49
47
88
27
85
48
66
98
69
11
87
15
39
88
99
33
28
83
27
99
39
17
22
96
22
71
39
59
64
11
73
72
75
69
38
32
74
63
49
14
46
18
64
89
13
22
94
63
21
59
47
14
66
34
79
13
43
66
79
43
78
13
11
96
45
89
76
57
68
55
11
49
29
17
47
76
25
94
91
98
13
66
32
13
22
18
46
31
35
98
88
67
57
87
81
12
17
24
99
23
93
42
66
35
77
52
36
33
85
24
54
13
82
23
87
14
58
51
54
21
73
77
81
66
21
23
33
68
86
39
51
17
21
63
88
13
87
93
25
23
85
73
86
52
78
57
61
17
82
82
61
89
34
39
11
19
19
58
93
96
43
38
13
64
91
92
69
98
32
74
96
19
77
72
65
88
59
93
67
37
89
83
68
38
89
41
82
79
66
28
68
22
68
32
87
41
95
56
98
44
46
22
11
62
89
95
22
94
42
32
63
45
84
33
41
83
37
48
83
66
42
99
18
37
18
41
22
83
67
55
65
11
56
94
89
16
16
72
95
94
35
49
59
41
55
71
35
37
84
42
88
24
85
75
22
88
82
88
61
41
66
13
59
73
37
51
19
25
61
94
14
64
18
12
25
92
65
55
39
14
66
27
59
39
42
24
88
46
42
47
32
31
45
66
11
21
56
22
53
51
88
99
42
48
43
45
63
26
35
74
47
48
72
98
99
17
68
91
91
66
57
81
99
21
13
98
37
13
27
98
49
95
97
73
71
18
45
76
29
12
55
84
55
67
13
44
95
66
25
12
65
33
23
53
32
42
44
82
12
23
37
55
27
85
32
18
16
78
12
11
46
71
27
26
12
61
95
24
68
83
97
31
48
17
22
49
29
35
13
36
43
98
48
83
67
45
17
89
14
66
91
59
61
99
77
31
64
29
83
21
78
79
36
48
55
75
22
42
99
79
89
41
97
87
89
48
44
86
49
76
16
23
32
77
72
28
81
48
32
66
31
26
34
89
35
92
42
44
86
22
15
33
92
92
72
24
97
66
53
52
16
46
88
27
28
42
12
59
36
66
78
17
37
11
44
41
13
77
73
64
66
98
84
23
74
46
11
85
56
38
46
34
55
15
41
11
26
83
23
31
29
98
91
65
19
81
96
77
58
62
98
26
33
82
27
66
28
65
25
38
18
93
15
13
47
22
64
52
91
24
64
24
46
49
39
74
91
57
33
58
76
18
71
82
18
27
37
78
99
55
34
77
81
88
24
85
55
44
25
44
49
27
99
57
78
62
66
33
