468114
11
66
76969
82
7958
9935
533
863
28
49
33
6572
33
327
67
22
44
11
11
3917
96
846
511
765
41
66
15
88
678
47
77
99
29
66
66
66
877
16
99
88
1241
72
52
4757
2634
11
22
41954
33
445
11
898
54
466
88
63
66
7564
24
8745945
365
77
744116
11
725
55
22
158
14
88
19
85
873
84
6459
88
48
11
22
11
33
44
74
77
11
921
8423
383
97141
1974
33
66
883
649
335
66
43
616
77
228
298
1579416
56
6653
265
55
11
896
13
88
57
66
86
73
88
55
99
33
5652
866
16
44
62
31
798
28
88
22
11
33
55
79
46
88
88
36
221
22
66
99
591
111
44
78
67645
2931
11
61
88
44
88
11
4224
778
22
88
81
11
6559
299
449
744
847
754
88
66
31945
8929
92
77
28
34
65
438
31
4643
88
752
517
933
88
79
932
745
99
11
5423
953
4781
88
74
94
22
99
22
3947
471
33
88
11
839
5263
541
4965
76
7315
11
517
72
33
94
68
29
14
66
16
57
95
8995
168
42982
859
55
99
43
99
88
8774
74
43
421
456
85
633
55
22
11
92
44
33
633
95
1417
48
846
44
6588
479
527
25
19
8878
61
42
71
22
439
32
87
243
995
22
164
1918
95
925
33
66
973
11
41943
61
73
82
86
77
33
22
77
85
848
599
77
21
72
6355
88
44
44
27
35
643
35
9245
57
923
11
33
34
77
23
11
88
38
397
931
75
88
22
751
561
47
58
86
77
486
312
88
37
536
77
5569
65
2237
126
22935
669
55
411
66
9454
11
66
947
33
548
483
446
221
75
66
3925
243
55
894
53
3163
6516
33
99
718
33
47
4162
22
186
7745
99
66
67355
44
61
913843
2928
7882
1195
85847
557
977
54332
95
334
66
135
923
22
33
319
72
66
33
99
12473
38
39
42
25
913
19
277
21779
11
1419
4646
26
111
44
123
675
41
33
857
28
57
33
44
85
9152
11
66
69
75
357
44
88
25
32
91
54
22
619
14
32
432
22
31452
99
22
1655
59
978
49
4633
858
77
8135
4768
66
88
69
1851
627
35
89
88
33
543
66
88
27
77
29
17
22
66
22
11
55
55
66
11
22
27
77
61
39658
342
754
43
29
14
4568
958
674
832
181
62
44
63
31
5126
4829
197
696
3458
7699
33
44
66
55
43
7378
133
11
96
24
825
136
87
115
55
21
53
39
11
44
18
25
9944
3951
94
13
166
72
33
22
3988
446
3471
35
88
89
67
77
327
88
1482
11
44
99
23
99
61332
66
31
77
52
86
88
55
44
11
66
812
21
77
14
77
59
44
97
773
77
11
696
281
2633833
33
62
89
22
55
4927
22
64
5138
14653
237
9115
25
25
55
7893
398
55
78
5777
648
17
83
84
62
94
54
385
11
77
459
52
99
66
44
3328
13
1314
99
3662
6479
58
22
77
99
271
77
762
44
77
49
23
67
377
88
16113
68
388
2199
4156
8962
742
66
276
512
22
233
11
99
88
95
56
9568
44
11
222
11
62
89
355
27972
917
82
386
33
15
87
33
41
33
787
45
8753
66
49346
99
88
637
88
758
22
88
867
55
12
271
55
99894
889
16
15416
84271
88
77
33
44
569
4781
58
41
55
3427
8495
44
88
22
55
55
22
88
88
88
2926
4611
66
33
33
723
33
11
99
22
88
916
99
88
1728
1822
28
94
66
55
39
674
66
235257
72
39
44
58
88
44
22
47
33
31
425
666
17
11
55
22
5576
41
34
99
12
458
43
33
553
256
45
75174
66
88
7252
48
99
18
6718
951
9834
66
77
88
99
22
23
28
77
83
17
77
99
55
11
59
77
11
4175
76
25
33
55
8914
55
64317
33
44
55
1822
22
11
44
39
27
5513
38
192
744
8778662
1832
2321
37
57
22
35
332
19778
53
72782
22
66
423
11
227
26
22
66
99
238
68
33
964537
31
4838
97
25
49
22
365
7863
336
44
948
88
853
657
9535
1573
89
174
66
91
569
66
929
577
391
618
55
33
2581
13848
79
286
78
515
55
66
42
99
7133
11
11
99
77
82
4268
44
93976
99
7274
15
22
33
77
57
22
33
494
33
66
351
23
344
33
55
9227
22
8476
86
525
115
34
62
22
792
2574
99
6214
613
12
66
46
888
29
998
44
11
99
356
699
48
17
32877
11
44
88
154
77
33
88
66
928
42
33
73
44
11
55
66
323
46
324
77
115
45
11
252
4183
2243
39
2579
48
11
4125
59
861
986
77
5958
22
99
28
389
88
77
56
242288
55
21
98
88
53
15
33
468
22
6974
52
81
26
6725
55
44
457
99
44
99
55
3143
568
66
19
265
88
55
77
33
748
44
5555
94
77
11
94
229
84965
35
44
51
44
49
22
943
98
78
63
66
33
